              precision    recall  f1-score   support

           0       0.81      0.86      0.83      4434
           1       0.74      0.87      0.80      4456
           2       0.75      0.81      0.78      4725
           3       0.73      0.71      0.72      2583
           4       0.75      0.67      0.71      3280
           5       0.70      0.56      0.63       767
           6       0.85      0.81      0.83      3487
           7       0.79      0.81      0.80      3225
           8       0.81      0.69      0.74      3336
           9       0.84      0.82      0.83      2148
          10       0.79      0.68      0.73      3012
          11       0.77      0.82      0.79      4886
          12       0.70      0.74      0.72      3185
          13       0.79      0.70      0.74      2362
          14       0.00      0.00      0.00        37

    accuracy                           0.77     45923
   macro avg       0.72      0.70      0.71     45923
weighted avg       0.77      0.77      0.77     45923
